481
488
448
412
662
616
733
749
882
937
953
980
1054
1021
1067
1069
1066
1017
1028
1004
1018

1859
1866
1875
1878
1880
1951
1913
1952
1956
1962
1970
1971
1977
1981
1987
1988
1989
1990
2022
2024
2025
2026
2027
2032
2037
2038
2043
2046
1187
1128
1110
1109
1174
1162
1216
1226
1386
1345
1341
1451
1450
1484
1494
1414
1412
1413
1410
1586
1554
1522
1566
1514
1618
1606
1631
1656
1667
1657
1714
1792
1996
1815
1816
1800
1807
1835
1841
1819
1902
1925
1920
1924
1923
1944
1917
1941
2052
2051
2081
2008
2063
2056
1080
1009
1073
1037
1137
1143
1141
1184
1151
1148
1199
1119
1225
1222
1278
1243
1256
1255
1391
1326
1389
1396
1382
1397
1444
1467
1472
1473
1446
1427
1474
1406
1553
1533
1532
1638
1610
1688
1691
1653
1644
1645
1639
1609
1692
1633
1644
1754
1740
1751
1700
1790
1786



